0 0
0 0
0 4
5 12
7 14
16 22
22 26
29 30
36 34
55 42
78 50
84 52
111 60
137 68
164 76
171 78
178 80
203 88
206 89
209 90
212 91
215 92
218 93
222 94
225 95
228 96
232 97
235 98
239 99
243 100
246 101
250 102
253 103
257 104
261 105
264 106
268 107
271 108
275 109
279 110
282 111
286 112
289 113
293 114
297 115
300 116
304 117
307 118
311 119
315 120
318 121
322 122
325 123
329 124
333 125
336 126
340 127
343 128
347 129
351 130
354 131
358 132
361 133
365 134
369 135
372 136
376 137
379 138
383 139
387 140
390 141
394 142
397 143
401 144
404 145
408 146
411 147
414 148
417 149
420 150
423 151
426 152
429 153
432 154
435 155
437 156
440 157
442 158
445 159
447 160
449 161
452 162
454 163
456 164
458 165
460 166
462 167
463 168
465 169
467 170
468 171
470 172
471 173
473 174
474 175
475 176
476 177
477 178
478 179
479 180
480 181
481 182
482 183
482 184
483 185
483 186
484 187
484 188
484 189
484 190
485 191
485 192
