0 0
0 0
0 2
0 6
1 14
3 22
4 26
10 34
11 36
13 38
20 46
27 54
30 58
37 66
44 74
51 82
58 90
65 98
72 106
79 114
86 122
87 124
94 132
98 136
105 144
106 146
113 154
120 162
127 170
134 178
141 186
148 194
155 202
162 210
163 212
170 220
177 228
181 232
182 234
189 242
196 250
203 258
210 266
217 274
224 282
231 290
238 298
245 306
246 308
253 316
257 320
264 328
265 330
272 338
279 346
286 354
293 362
300 370
307 378
314 386
321 394
322 395
323 396
324 397
325 398
326 399
327 400
329 401
330 402
331 403
333 404
335 405
336 406
338 407
340 408
342 409
344 410
346 411
348 412
350 413
352 414
355 415
357 416
360 417
362 418
365 419
368 420
370 421
373 422
376 423
379 424
382 425
385 426
388 427
392 428
395 429
398 430
402 431
405 432
409 433
412 434
416 435
419 436
422 437
425 438
428 439
431 440
434 441
437 442
440 443
442 444
445 445
447 446
450 447
452 448
454 449
457 450
459 451
461 452
463 453
465 454
467 455
469 456
470 457
472 458
474 459
475 460
477 461
478 462
479 463
480 464
482 465
483 466
484 467
485 468
485 469
486 470
487 471
488 472
488 473
489 474
489 475
489 476
490 477
490 478
490 479
490 480
