0 0
0 0
0 1
0 2
0 3
0 4
1 5
1 6
1 7
2 8
3 9
3 10
4 11
5 12
6 13
7 14
8 15
9 16
10 17
11 18
13 19
14 20
15 21
17 22
19 23
20 24
22 25
24 26
26 27
28 28
30 29
32 30
34 31
36 32
39 33
41 34
44 35
46 36
49 37
52 38
54 39
57 40
60 41
63 42
66 43
69 44
73 45
76 46
79 47
83 48
86 49
90 50
93 51
97 52
100 53
104 54
108 55
111 56
115 57
118 58
122 59
126 60
129 61
133 62
136 63
140 64
144 65
147 66
151 67
154 68
158 69
162 70
165 71
169 72
172 73
176 74
180 75
183 76
187 77
190 78
194 79
198 80
201 81
205 82
208 83
212 84
216 85
219 86
223 87
226 88
230 89
234 90
237 91
241 92
244 93
248 94
252 95
255 96
259 97
262 98
266 99
270 100
273 101
277 102
280 103
284 104
288 105
291 106
295 107
298 108
302 109
306 110
309 111
313 112
316 113
320 114
324 115
327 116
331 117
334 118
338 119
342 120
345 121
349 122
352 123
356 124
360 125
363 126
367 127
370 128
374 129
378 130
381 131
385 132
388 133
392 134
396 135
399 136
403 137
406 138
409 139
413 140
416 141
419 142
422 143
425 144
428 145
431 146
433 147
436 148
439 149
441 150
444 151
446 152
448 153
451 154
453 155
455 156
457 157
459 158
461 159
463 160
464 161
466 162
468 163
469 164
471 165
472 166
473 167
475 168
476 169
477 170
478 171
479 172
480 173
480 174
481 175
482 176
482 177
483 178
483 179
484 180
484 181
484 182
485 183
485 184
